   9.0080000e-02   2.1862000e+00
   1.3698900e+00   1.2548500e+00
   1.7044000e+00   1.4439800e+00
   1.6825800e+00   1.1398500e+00
   2.7940000e-02   1.7120700e+00
   5.8838000e-01   1.7078800e+00
   1.9699700e+00   1.1299000e+00
   9.9919000e-01   1.4956600e+00
   1.4080000e+00   1.1552200e+00
   2.9633200e+00   6.3036000e-01
   1.3212500e+00   1.2814100e+00
   2.9548500e+00   6.4590000e-01
   3.2238100e+00   4.8478000e-01
   5.9297000e-01   1.6381200e+00
   9.4627000e-01   1.4968400e+00
   5.5272000e-01   1.7088400e+00
   3.0172000e-01   1.7680300e+00
   1.7061000e+00   9.4838000e-01
   4.2746000e-01   1.8171000e+00
   1.5902100e+00   1.1796700e+00
   8.4974000e-01   1.4909300e+00
   2.6406700e+00   8.3158000e-01
   5.4244000e-01   1.8939600e+00
   1.6841400e+00   1.2130800e+00
   1.1573000e+00   1.5011300e+00
   1.9088500e+00   1.2754800e+00
   3.0097700e+00   4.6022000e-01
   2.1826700e+00   8.7079000e-01
   7.5933000e-01   1.7027500e+00
   1.3371400e+00   1.2635700e+00
   3.6839000e-01   1.9016200e+00
   1.8415000e+00   9.8623000e-01
   5.7168000e-01   1.8364700e+00
   2.1798900e+00   1.0787000e+00
   1.2545700e+00   1.2360200e+00
   2.6308400e+00   1.0035800e+00
   3.1016600e+00   5.2733000e-01
   1.4464400e+00   1.1231100e+00
   8.1825000e-01   1.7289700e+00
  -2.1941000e-01   1.7471900e+00
   6.5338000e-01   1.7745900e+00
   1.4655600e+00   1.2336800e+00
   2.7553000e+00   5.7025000e-01
   1.2492000e-01   2.0566000e+00
   3.0196300e+00   6.1388000e-01
   1.4165000e-01   1.9450400e+00
   4.0674000e-01   1.7656100e+00
   1.2647000e-01   1.9201900e+00
   5.9604000e-01   1.7128000e+00
   2.4515800e+00   9.8372000e-01
   2.5918100e+00   5.2913000e-01
   3.0444300e+00   5.3289000e-01
   3.0932400e+00   6.0463000e-01
   2.5086100e+00   7.6062000e-01
   1.9315600e+00   9.3004000e-01
   2.1258000e+00   8.0179000e-01
   1.4383300e+00   1.3085200e+00
   7.3100000e-02   1.9663300e+00
   2.0116300e+00   1.0126500e+00
   2.7836000e+00   6.3470000e-01
   7.6621000e-01   1.5427700e+00
   1.6243400e+00   1.2506300e+00
  -1.5698000e-01   1.9949900e+00
   7.7069000e-01   1.7212600e+00
   1.6796300e+00   1.1089200e+00
   2.4222400e+00   8.2614000e-01
   2.0642300e+00   1.0917900e+00
   8.6268000e-01   1.7864100e+00
   3.8143000e-01   1.9217000e+00
   1.5251600e+00   1.2812700e+00
   5.0090000e-01   1.7300300e+00
   2.9277100e+00   4.7246000e-01
   1.8771300e+00   1.0485700e+00
   1.9128300e+00   1.2510600e+00
   1.4539300e+00   1.1501700e+00
   2.2971300e+00   1.0509000e+00
   1.0241100e+00   1.3162000e+00
   2.3997700e+00   5.9605000e-01
   7.1140000e-01   1.5265800e+00
   1.9002500e+00   1.0847500e+00
   5.4054000e-01   1.7802900e+00
   2.4876300e+00   5.3008000e-01
   7.4073000e-01   1.7106900e+00
   7.2302000e-01   1.6434000e+00
   2.0610000e-02   1.8405100e+00
   2.0903800e+00   9.7182000e-01
   2.4292300e+00   8.1912000e-01
   1.3970200e+00   1.0765400e+00
   2.2777100e+00   1.0003600e+00
   1.0837000e-01   1.9042800e+00
   7.2510000e-02   2.1569200e+00
   2.9525800e+00   5.2840000e-01
   1.8456300e+00   1.1642700e+00
   2.6633800e+00   8.3104000e-01
   1.9125900e+00   1.0341900e+00
   4.7808000e-01   1.8054500e+00
   1.1375100e+00   1.2597300e+00
   3.3384000e-01   1.8371300e+00
   5.4412000e-01   1.6417000e+00
   2.5874000e+00   5.0834000e-01
   9.0663803e-01  -3.7783621e-01
   2.8233145e+00   2.4762970e+00
   1.8410564e+00   1.5000897e+00
   1.6988944e+00   1.4196886e+00
   3.1687747e+00   3.1188890e+00
   6.4335608e-01   1.9394666e+00
   2.5288009e+00   1.9706656e+00
   2.5149164e+00   2.9377692e+00
   1.0217834e+00   2.7219577e+00
   1.7712866e+00   1.8068861e+00
  -1.9658284e-01   2.3168988e-01
  -2.8419953e-01   4.5972804e-01
   1.6231902e+00   3.0460477e+00
   2.6166689e+00  -3.8530339e-01
   3.2360427e+00   1.4596056e+00
   1.9624834e-02   1.7170858e-01
   1.7752946e+00   3.4147226e+00
   1.3775626e+00   2.3507779e+00
  -4.5239172e-01   1.5018865e+00
   8.4849058e-01   1.3843535e+00
   1.4872923e-01  -2.6152453e-01
   2.6771382e+00   2.2278876e+00
   7.4486017e-01  -3.3027545e-01
   1.6141325e+00  -2.1421814e-01
   1.6259492e-01   1.5865994e+00
   1.9079278e+00  -1.1307990e-01
   5.5188514e-01   2.7725942e+00
   2.1163164e+00   2.7701884e+00
   2.2568580e+00   2.3897584e+00
   2.4926064e+00   9.9461770e-02
   1.3021664e+00   2.1384210e+00
  -1.6471449e-01   1.5743798e+00
   4.1590787e-01   3.3918982e+00
   3.1533494e+00   2.0959660e+00
   1.0951208e-01   2.7013223e+00
   2.8032679e+00   1.3151908e+00
   1.6533697e+00   1.2295660e+00
   3.4845389e+00   2.8012552e+00
  -1.8729788e-01  -1.6612074e-01
   1.2707131e+00   3.2684030e-02
  -7.3388919e-02   1.9355445e-01
   3.3475923e+00   1.0637512e+00
  -4.8146310e-01   2.8255190e+00
   2.5996419e+00   2.7134576e+00
   2.7692129e+00  -2.5811528e-01
   2.9747788e+00   1.0970311e+00
  -1.6225662e-01   1.6075033e+00
   1.0991306e+00   1.1671979e+00
   5.3948161e-01   2.1274396e+00
   2.7002739e+00   2.0118934e+00
   1.2256553e+00   6.6793632e-01
   3.1425904e+00   1.2266047e+00
   2.2738811e-01  -4.3805150e-01
   5.5521167e-01   3.4362549e+00
   8.2155922e-02   1.6867364e-01
   4.4274235e-02  -7.5134620e-02
   2.9771688e+00   9.8963896e-01
   1.8188183e+00   2.9247361e-01
   1.6994408e+00   1.4587506e+00
   7.9819193e-02   8.5797365e-01
   2.9121245e+00   3.3065219e+00
   1.9882205e+00   3.1813282e+00
   9.0380952e-01  -2.8929201e-01
   1.5529982e+00   2.4514324e+00
   1.1072321e+00   5.7647771e-01
  -1.9613323e-01   1.1913425e+00
   4.5966461e-01   1.6914836e+00
  -6.7242607e-03   3.2709479e+00
   2.3563115e-01   1.1709764e+00
   4.5981010e-01   3.4322099e+00
   1.1690683e+00   7.0581979e-01
  -3.0138228e-01   2.3043950e+00
   3.1108644e+00   2.1653554e+00
   3.2791488e+00   1.6565059e+00
   1.4634564e+00   2.2924221e+00
   1.4570106e+00   2.1661117e+00
   8.5087764e-01   2.1252982e-01
   3.1002154e+00   1.2057599e-02
   9.7698712e-01   3.4963216e+00
  -5.5188979e-02   1.8448427e-01
   2.6210083e+00  -3.6959672e-01
   1.0589553e+00   1.7447992e+00
   4.6676514e-01   3.0274660e+00
   1.1156486e+00   2.1767012e+00
  -1.1418190e-01   2.6173307e-01
   2.7893170e-02   9.7566618e-01
   3.2682024e+00   1.3429037e+00
   3.3245382e+00   3.4265518e+00
   1.8008344e+00   1.2561981e-01
  -2.6088183e-01   2.9220912e+00
   4.3911965e-01   2.0790581e+00
   9.1263428e-01   1.0050888e+00
   2.7847762e+00   2.6369478e-01
  -4.3838625e-01   1.2130120e+00
  -3.2790479e-01   1.4280882e+00
   1.7596012e-01  -1.7553547e-02
   2.0964619e+00   1.8580299e+00
   2.4268895e+00   4.0475072e-01
   2.0909839e+00   1.0384765e+00
   1.3036948e+00   1.8319455e+00
   1.6880356e+00   5.0722449e-01
   6.8528322e-01   6.6176266e-01
   2.4787712e+00   1.9683635e+00
   2.5582006e-01   5.6112364e-01
   2.2471017e+00   2.7975051e+00
   2.3404462e-01   3.4306536e+00
   9.7393839e-01   2.4209952e+00
   2.0024742e+00   8.7550802e-01
   2.6209097e+00   1.8362773e+00
  -1.7549692e-01  -6.8923939e-02
   3.2175439e+00   3.1252326e+00
   2.6028507e+00   3.0186149e+00
   1.4471665e+00   2.7710422e+00
   1.2434344e+00   5.4291200e-01
   1.2871350e+00   1.8774250e+00
   7.2539789e-01  -4.0994963e-01
   1.5340346e+00   1.2010373e+00
   1.5430863e+00   7.5087555e-01
   2.7705108e+00   1.4593898e-01
   2.6793257e+00   2.1506475e-01
   2.0772725e+00   1.1915428e+00
   1.0144375e+00  -1.2308264e-01
   2.7463218e+00   1.8940947e+00
   1.6313024e+00   1.3836970e+00
   9.0290841e-01   2.2837973e+00
   3.2560062e+00   2.2995514e+00
   3.0037712e+00   2.0541230e+00
   1.7006254e+00  -3.6558466e-01
   1.9899003e+00  -2.2477560e-01
   1.8481788e+00   7.7839894e-01
   3.3096917e-01   1.6234571e+00
   7.0498532e-01   2.1177828e+00
   1.3836934e+00   1.1304768e+00
   4.2195264e-01   2.7799249e+00
   2.8772352e+00   2.3734358e+00
   2.7905716e-01   3.3745973e+00
   4.0368712e-01   1.6253356e+00
   1.8283219e-01   8.0058273e-01
   4.1065719e-01  -7.7483187e-02
   1.2427947e+00   1.9438346e+00
   7.4440915e-01   2.6152090e+00
   3.1935186e+00   1.1938117e+00
   1.2208296e+00  -1.3670686e-01
   2.3926528e-01   5.6588596e-01
   3.1195239e+00   1.1462687e-01
   3.4189935e+00   6.2402121e-01
   1.2554799e+00   1.2603406e+00
  -5.5523106e-02   1.6085710e+00
   5.3225878e-01   1.3296975e+00
   1.1348794e+00   3.0014864e+00
   1.8795843e+00   1.5722084e+00
   5.4884699e-01   3.2744905e+00
   1.9113724e+00   2.0508364e+00
   2.3448631e+00   3.3307758e+00
   3.8698694e-01   4.6282814e-01
  -3.0329397e-02   2.2044892e+00
   6.8670349e-01   6.5625829e-01
   7.7511321e-01   2.1872327e+00
   1.1966670e+00   2.2805620e+00
   1.5314331e+00  -2.2802893e-01
  -1.5793681e-01   5.1916063e-01
   5.4992894e-01   3.9616012e-01
   2.7040585e+00   2.1713309e+00
  -3.8311889e-01   2.8775686e+00
   3.2154166e+00   8.7784965e-01
   2.4213235e+00   2.6220786e+00
   1.4544359e+00   2.2013283e+00
   1.8141002e+00  -4.7313874e-01
   4.4913432e-01   1.9086820e+00
   1.3353953e+00   1.0470848e+00
   3.3523542e+00   3.1639650e+00
   1.6872229e+00  -4.9539577e-01
   1.5845433e+00   1.3497966e+00
   4.2637755e-01   1.1973962e+00
   1.4555910e+00   1.3436655e+00
   1.9962404e+00   2.5806389e+00
   2.2165422e+00   7.8988723e-01
   1.0820609e+00   2.6389572e+00
   9.6974659e-01   1.3854286e+00
   3.4519280e+00  -3.5694907e-01
  -3.4904454e-01   2.0349766e-01
   3.0406720e+00   2.3870321e+00
   3.1531473e+00   1.3939440e+00
   2.6847355e+00   1.1088480e-01
  -1.0515089e-01   8.6449843e-01
   5.4748474e-01   1.9295569e+00
   8.4142736e-01   2.6698102e-01
   2.2189118e+00   2.4537074e+00
   4.6212549e-02   4.7139839e-01
   2.3849100e+00   3.1696974e+00
  -7.2952554e-02   5.7624635e-01
   2.1150294e+00   2.5620001e+00
   1.4766957e+00   2.5464791e-01
   2.6162069e+00   6.4999269e-01
   2.3601483e+00  -1.3554615e-01
   3.1148822e+00   1.8048375e+00
   3.0636900e+00   2.2334530e+00
   8.3665221e-01   1.6863725e+00
   2.2949833e+00   1.2029154e+00
   2.9123931e-01   2.0777711e+00
