  0.09008   2.18620
  1.36989   1.25485
  1.70440   1.44398
  1.68258   1.13985
  0.02794   1.71207
  0.58838   1.70788
  1.96997   1.12990
  0.99919   1.49566
  1.40800   1.15522
  2.96332   0.63036
  1.32125   1.28141
  2.95485   0.64590
  3.22381   0.48478
  0.59297   1.63812
  0.94627   1.49684
  0.55272   1.70884
  0.30172   1.76803
  1.70610   0.94838
  0.42746   1.81710
  1.59021   1.17967
  0.84974   1.49093
  2.64067   0.83158
  0.54244   1.89396
  1.68414   1.21308
  1.15730   1.50113
  1.90885   1.27548
  3.00977   0.46022
  2.18267   0.87079
  0.75933   1.70275
  1.33714   1.26357
  0.36839   1.90162
  1.84150   0.98623
  0.57168   1.83647
  2.17989   1.07870
  1.25457   1.23602
  2.63084   1.00358
  3.10166   0.52733
  1.44644   1.12311
  0.81825   1.72897
 -0.21941   1.74719
  0.65338   1.77459
  1.46556   1.23368
  2.75530   0.57025
  0.12492   2.05660
  3.01963   0.61388
  0.14165   1.94504
  0.40674   1.76561
  0.12647   1.92019
  0.59604   1.71280
  2.45158   0.98372
  2.59181   0.52913
  3.04443   0.53289
  3.09324   0.60463
  2.50861   0.76062
  1.93156   0.93004
  2.12580   0.80179
  1.43833   1.30852
  0.07310   1.96633
  2.01163   1.01265
  2.78360   0.63470
  0.76621   1.54277
  1.62434   1.25063
 -0.15698   1.99499
  0.77069   1.72126
  1.67963   1.10892
  2.42224   0.82614
  2.06423   1.09179
  0.86268   1.78641
  0.38143   1.92170
  1.52516   1.28127
  0.50090   1.73003
  2.92771   0.47246
  1.87713   1.04857
  1.91283   1.25106
  1.45393   1.15017
  2.29713   1.05090
  1.02411   1.31620
  2.39977   0.59605
  0.71140   1.52658
  1.90025   1.08475
  0.54054   1.78029
  2.48763   0.53008
  0.74073   1.71069
  0.72302   1.64340
  0.02061   1.84051
  2.09038   0.97182
  2.42923   0.81912
  1.39702   1.07654
  2.27771   1.00036
  0.10837   1.90428
  0.07251   2.15692
  2.95258   0.52840
  1.84563   1.16427
  2.66338   0.83104
  1.91259   1.03419
  0.47808   1.80545
  1.13751   1.25973
  0.33384   1.83713
  0.54412   1.64170
  2.58740   0.50834
