  -1.8128228e+00   3.3490576e+00
  -1.9992793e+00   3.0346865e+00
  -1.8574319e+00   3.2420756e+00
  -2.2191820e+00   2.6385207e+00
  -1.9162562e+00   3.1592101e+00
  -2.1652735e+00   2.6823762e+00
  -1.8805547e+00   3.2083637e+00
  -2.1764791e+00   2.6651631e+00
  -1.8389334e+00   3.2669162e+00
  -2.1305902e+00   2.7761042e+00
  -1.7455955e+00   3.3936469e+00
  -2.0573416e+00   2.8685655e+00
  -2.0485844e+00   2.9510219e+00
  -1.9383774e+00   3.1071407e+00
  -1.8493508e+00   3.2448707e+00
  -2.1437637e+00   2.7456042e+00
  -1.8078318e+00   3.2982887e+00
  -1.9824116e+00   3.0022298e+00
  -1.7473268e+00   3.4165467e+00
  -1.8351099e+00   3.2665827e+00
  -2.0022805e+00   3.0184936e+00
  -2.1714028e+00   2.7084211e+00
  -1.8164009e+00   3.3084371e+00
  -2.1052904e+00   2.7925001e+00
  -2.1103968e+00   2.8432901e+00
  -1.7694798e+00   3.4044828e+00
  -2.0058849e+00   3.0164091e+00
  -2.2449145e+00   2.5971787e+00
  -1.8197502e+00   3.3436257e+00
  -2.1401114e+00   2.8002751e+00
  -2.0617882e+00   2.8755982e+00
  -2.0521479e+00   2.9214135e+00
  -2.0071633e+00   3.0058254e+00
  -2.0344143e+00   2.9415223e+00
  -1.9747074e+00   3.0704110e+00
  -1.7740302e+00   3.3586969e+00
  -1.8806440e+00   3.1727255e+00
  -2.0140360e+00   2.9370673e+00
  -2.0557932e+00   2.8781081e+00
  -2.2200630e+00   2.6296732e+00
  -2.2431307e+00   2.5887203e+00
  -1.7895435e+00   3.3476966e+00
  -2.0756557e+00   2.8568504e+00
  -2.0351178e+00   2.9013930e+00
  -1.9975569e+00   3.0289576e+00
  -1.9317296e+00   3.1266177e+00
  -1.9858111e+00   3.0199839e+00
  -2.0780832e+00   2.8474997e+00
  -2.2440073e+00   2.6102803e+00
  -1.8023665e+00   3.3605006e+00
  -2.1634226e+00   2.7507168e+00
  -2.0449968e+00   2.9211505e+00
  -2.2256620e+00   2.6545476e+00
  -1.8090819e+00   3.3504774e+00
  -1.8804491e+00   3.1694665e+00
  -1.7631126e+00   3.3808775e+00
  -2.0130384e+00   3.0028990e+00
  -2.1331229e+00   2.7669377e+00
  -1.8885698e+00   3.1862269e+00
  -1.8760059e+00   3.2457207e+00
  -1.9302949e+00   3.1547590e+00
  -1.9853855e+00   3.0456558e+00
  -2.1231878e+00   2.7970588e+00
  -2.0193523e+00   2.9999392e+00
  -1.9401457e+00   3.1010960e+00
  -2.1945281e+00   2.6439748e+00
  -2.2304125e+00   2.5957435e+00
  -2.0581622e+00   2.8853877e+00
  -1.8150359e+00   3.3181113e+00
  -2.0452105e+00   2.8893174e+00
  -1.9257108e+00   3.0919927e+00
  -2.2381060e+00   2.5701692e+00
  -1.9070974e+00   3.1926968e+00
  -2.1154876e+00   2.8287331e+00
  -2.0251393e+00   2.9739551e+00
  -1.8603148e+00   3.2737907e+00
  -2.1134274e+00   2.8469727e+00
  -1.7883704e+00   3.3970942e+00
  -1.8275994e+00   3.2646805e+00
  -1.7849348e+00   3.4006366e+00
  -2.1966969e+00   2.6689883e+00
  -2.1579832e+00   2.6986833e+00
  -1.7994937e+00   3.3250528e+00
  -1.9680941e+00   3.0851902e+00
  -1.8185635e+00   3.3338959e+00
  -2.0194869e+00   2.9277931e+00
  -2.2331749e+00   2.6157964e+00
  -1.8866593e+00   3.2159842e+00
  -2.2401302e+00   2.5729056e+00
  -1.9086677e+00   3.1204991e+00
  -1.8437343e+00   3.2462316e+00
  -2.0705734e+00   2.8491008e+00
  -2.2399553e+00   2.5919840e+00
  -2.0595518e+00   2.8926717e+00
  -1.7741348e+00   3.3735059e+00
  -1.9490522e+00   3.1168054e+00
  -1.8276786e+00   3.2858382e+00
  -1.8560101e+00   3.2270531e+00
  -1.7569021e+00   3.3764932e+00
  -2.1944656e+00   2.6482651e+00
  -2.1400418e+00   2.7420908e+00
  -1.9192582e+00   3.0998032e+00
  -2.1756938e+00   2.7181179e+00
  -2.1120159e+00   2.7713687e+00
  -2.0657425e+00   2.8972955e+00
  -1.9430201e+00   3.0893480e+00
  -1.9198471e+00   3.1160993e+00
  -1.7963399e+00   3.3572143e+00
  -1.9133611e+00   3.1327085e+00
  -2.0110765e+00   2.9500254e+00
  -1.9811786e+00   3.0347028e+00
  -2.0623617e+00   2.8679125e+00
  -2.0200802e+00   2.9961480e+00
  -2.1655013e+00   2.7325721e+00
  -1.8073007e+00   3.3540082e+00
  -1.9906112e+00   3.0365915e+00
  -2.0562152e+00   2.9288815e+00
  -1.8456261e+00   3.2721365e+00
  -2.0638187e+00   2.9083898e+00
  -1.7788322e+00   3.3897406e+00
  -2.0323098e+00   2.9311382e+00
  -2.1750428e+00   2.7057866e+00
  -2.0127178e+00   3.0078211e+00
  -1.9536705e+00   3.0434631e+00
  -1.8216924e+00   3.3022703e+00
  -1.7579926e+00   3.4049197e+00
  -2.1443473e+00   2.7871509e+00
  -2.1549427e+00   2.7476138e+00
  -1.9117426e+00   3.1876253e+00
  -1.8074139e+00   3.3331487e+00
  -1.9482669e+00   3.1145052e+00
  -2.1660433e+00   2.7160946e+00
  -2.1752217e+00   2.7065518e+00
  -2.0729058e+00   2.8511603e+00
  -2.2384390e+00   2.6064209e+00
  -2.2411070e+00   2.6277584e+00
  -1.8043764e+00   3.3342678e+00
  -2.0746456e+00   2.8718678e+00
  -2.0003634e+00   3.0225019e+00
  -1.7657086e+00   3.3650716e+00
  -2.2152349e+00   2.6651449e+00
  -1.9815003e+00   2.9923020e+00
  -2.1382521e+00   2.7665645e+00
  -1.7827593e+00   3.3822810e+00
  -1.8815648e+00   3.2059283e+00
  -2.0760193e+00   2.8694483e+00
  -1.8076430e+00   3.3119237e+00
  -2.0738975e+00   2.8827371e+00
  -1.9557709e+00   3.1074941e+00
  -2.1412947e+00   2.7748676e+00
  -2.0930902e+00   2.8773757e+00
  -1.9259702e+00   3.0939233e+00
  -1.8987653e+00   3.1724653e+00
  -1.9053400e+00   3.1297615e+00
  -2.2144246e+00   2.6401044e+00
  -1.9842822e+00   3.0415038e+00
  -1.9586345e+00   3.0423604e+00
  -1.9862832e+00   3.0451005e+00
  -2.2227792e+00   2.6144331e+00
  -1.8710005e+00   3.2500143e+00
  -2.1876592e+00   2.6667201e+00
  -1.7409163e+00   3.4046030e+00
  -1.9099328e+00   3.1305840e+00
  -2.1208021e+00   2.7623955e+00
  -1.9356421e+00   3.1445452e+00
  -2.0437063e+00   2.8878440e+00
  -1.9628539e+00   3.0326304e+00
  -1.7343053e+00   3.4119798e+00
  -2.0405688e+00   2.9088952e+00
  -2.0347770e+00   2.9025905e+00
  -2.0808297e+00   2.8742041e+00
  -1.9206685e+00   3.1358078e+00
  -1.9878288e+00   3.0005994e+00
  -2.0919747e+00   2.8199904e+00
  -2.1829554e+00   2.6576756e+00
  -1.7693833e+00   3.3805485e+00
  -1.7789621e+00   3.3359212e+00
  -2.0796459e+00   2.8730816e+00
  -2.1334514e+00   2.7721297e+00
  -2.2413314e+00   2.5758279e+00
  -1.8180412e+00   3.3276708e+00
  -1.9428291e+00   3.1236211e+00
  -2.0813616e+00   2.8433870e+00
  -1.9373607e+00   3.1072971e+00
  -2.1828471e+00   2.6858765e+00
  -1.8888286e+00   3.1759401e+00
  -1.8254450e+00   3.3225758e+00
  -2.1043499e+00   2.8611051e+00
  -1.8532342e+00   3.2587297e+00
  -2.1762697e+00   2.6761250e+00
  -2.1146306e+00   2.7760196e+00
  -1.9617902e+00   3.0710625e+00
  -1.7401499e+00   3.4269589e+00
  -1.8138990e+00   3.2972004e+00
  -1.8868113e+00   3.1958144e+00
  -2.1782302e+00   2.6727422e+00
  -2.0575971e+00   2.9164216e+00
  -1.8938350e+00   3.1449773e+00
  -1.8743424e+00   3.1763151e+00
  -1.9597779e+00   3.0513726e+00
