 37.52650  82.52950 245.93120
 24.16601  53.35640 187.04020
 14.66718  31.71550 116.51420
  8.13995  17.92603  65.90420
  3.26214   8.25400  30.29003
  1.64550   6.52643  91.12920
  7.11766  27.76392  27.01459
  8.19597   4.50291  17.16684
 28.28600  45.80707  25.14580
 11.66378  11.77022 102.12220
  4.42971  25.21423 111.03120
 19.15930  14.49168  19.82350
  4.39210  12.80552 123.49020
 12.60223   9.86363  46.13310
  2.63213   5.57329  50.00310
 16.68323  42.27360  28.90897
 23.70206  27.35240  25.21109
  5.15735   6.81028  20.26047
 17.68262  27.48392  78.83820
  6.92924  20.26240 108.49620
  4.70162  14.31445  22.67422
  9.87236  23.13627 139.48120
 12.90634  48.11220 129.23020
 75.59870 134.04250 245.93120
 48.95070  87.62550 219.18720
 29.37000  52.43540 137.28720
 16.23306  29.60028  77.96820
  7.44502  13.55284  35.69280
  3.94708  10.14903 107.76520
 14.05632  46.23510  31.94280
 18.85197   7.36675  20.20163
 59.72870  78.84950  30.76460
 25.28163  18.98814 120.24420
  8.60544  40.47010 131.77620
 40.39660  24.54202  23.13286
  8.56502  20.27968 144.89620
 27.31879  16.12218  54.37410
  6.24346   8.72676  57.32910
 33.41590  70.46650  34.53940
 49.36470  46.55910  29.45386
 10.99057  11.19438  23.80751
 36.97840  45.71400  93.59020
 13.26822  32.71099 127.21220
  9.71765  23.52959  26.22312
 19.19793  37.12480 161.74920
 24.47913  77.85550 151.29620
 94.22970 152.99150 245.93120
 55.97870  91.84850 201.81120
 27.95560  45.59600 104.73920
 16.21850  26.98795  61.91120
  9.04427  15.09274  34.77850
  1.55711   5.47549  49.85910
    0       2.34385   2.51390
    0       1.56406   3.40708
  0.15113   2.23670   5.05210
  3.32704   2.56485  13.86810
  9.76814  42.83170 123.85720
 27.33480  15.58710  13.79413
  0.60763   2.79353   6.71393
  0.68440   2.91864   6.96815
  0.48470   2.67330   6.40666
  0.52798   2.70750   6.49705
 60.28970  52.38740  28.43202
 10.72520   9.98377  18.63018
  0.86356   2.94580   6.84013
  0.55760   2.76080   6.68327
  0.53709   2.72392   6.55350
  0.73392   2.95122   7.45646
 30.36470  89.37450 152.41620
158.04870 118.77950  99.47520
103.12270  77.76250  65.54620
 63.22570  47.10020  40.81280
 34.30710  26.42450  22.84457
 15.34558  11.86850  10.41703
  7.31796   8.34712  29.45686
 25.80788  40.35210  11.18036
 49.86270   6.45784   6.01088
128.89170  72.75250  11.98113
 62.89070  16.19362  31.32220
 15.57124  34.45990  43.44900
 91.61170  22.41141   7.14520
 15.60792  16.78225  38.67250
 67.82270  14.15370  15.69295
 13.42628   7.33147  13.87989
 69.11670  63.94650  13.08590
108.36770  43.30070   9.48535
 24.25034   9.97267   7.12297
 83.04470  40.26610  28.27270
 26.71379  28.19737  36.61610
 19.81823  21.05470   7.99767
 41.08960  32.42060  46.69910
 47.04070  68.27650  50.05510
179.23970 193.80950 234.86020
117.10570 127.46350 156.74120
 70.93470  76.62350  97.23220
 38.64250  43.16570  54.56010
 17.14278  19.25430  24.33868
  8.61848  13.87484  73.72420
 30.25366  66.48250  23.12378
 53.85070  10.41101  13.85631
145.85070 118.17650  24.48751
 68.44170  26.52496  80.00120
 18.32658  57.63050  98.70420
103.93570  37.06580  16.08471
 18.39404  28.39698  99.16720
 75.16570  23.52556  38.10540
 15.36030  12.27188  37.27830
 81.06770 106.25050  27.75958
124.93370  71.84450  21.24576
 28.07380  16.81521  17.12965
 95.13570  67.96150  68.21620
 31.54330  48.12120  91.31720
 23.29219  35.57081  18.75082
 48.18570  55.13350 116.69920
 57.16570 115.49650 115.96620
110.20270 164.76550 245.93120
 71.33770 107.79350 197.25820
 42.96670  64.73850 123.46620
 23.76139  37.00076  70.80320
 11.20825  17.33187  33.25170
  5.55004  11.93858  95.16620
 21.28569  59.11750  33.71900
 30.59985   9.71532  19.34594
 88.92570 100.06450  29.37580
 39.50160  23.68180 106.80120
 11.85724  48.71030 118.72020
 60.98570  32.24230  23.08346
 12.09912  24.65580 128.63520
 42.40470  20.43807  49.95510
  9.73859  11.24334  51.70610
 48.60770  87.85250  32.34810
 73.56570  59.77050  28.82280
 16.09361  13.92224  21.62516
 54.54070  55.68250  83.58520
 18.56246  39.16870 112.67120
 14.60875  30.07743  24.89057
 28.17190  45.53300 145.79420
 35.57130  96.48950 139.11320
 73.04670 125.49250 245.93120
 47.00370  81.60650 207.01320
 28.36709  49.08630 130.20420
 15.82238  27.94749  74.60820
  7.38229  13.19798  35.18870
  3.70466   9.66953 101.58020
 14.06706  44.33890  35.18670
 20.22558   7.42902  20.47768
 57.48570  72.62850  30.27100
 26.29395  18.34471 113.16020
  8.13194  37.67910 124.54020
 39.37960  23.41263  24.08627
  8.41959  19.34806 135.57520
 27.69030  15.64116  52.64210
  6.54676   8.73814  54.55010
 31.83640  65.32450  33.84303
 48.13970  43.35770  30.05075
 10.63408  10.53760  22.84154
 35.70530  42.12350  87.59920
 12.71204  30.45719 119.13420
  9.72134  22.28516  26.14782
 19.03622  35.09546 153.12720
 23.64784  73.47450 145.57920
 44.00770  92.26050 243.82520
 28.15987  59.98350 162.96220
 17.22009  36.00710 102.15020
  9.71149  20.76682  59.21420
  4.29599   9.97267  28.40997
  1.88476   6.43615  78.82820
  8.61848  33.87432  30.88480
 11.69690   5.73116  16.81932
 34.35910  61.20450  24.06716
 15.77540  13.05033  91.12720
  4.71498  23.43786  96.19520
 25.25555  19.33075  20.19147
  5.12491  13.27122 107.51120
 18.47876  11.77238  42.41390
  3.31591   6.62730  44.48400
 18.40017  51.91940  26.80998
 28.97170  38.60550  24.90466
  6.58936   8.02206  18.32196
 22.52592  30.95919  69.64420
  7.99920  21.15701  94.25020
  5.65048  18.86268  21.31862
 11.58036  24.51285 121.73320
 13.93704  53.28740 115.23220
204.80570 106.74350  40.72680
134.28370  69.73250  26.49601
 82.12170  41.58740  16.37626
 45.11470  23.58604   9.33252
 20.67774  10.95769   4.36769
  9.33357   5.99830  10.53142
 33.57600  37.87920   5.92944
 70.60770   6.29605   2.84706
169.83770  75.63650   6.58835
 85.96870  13.59620  12.40800
 18.81430  24.80371  17.16478
130.26970  23.26640   4.03086
 20.65346  13.34754  14.56978
103.96370  13.09181   6.99710
 17.02626   6.73145   5.41776
 87.22970  63.22450   6.55619
145.42470  47.85820   5.15030
 33.46790   9.25111   2.96648
114.67870  36.06620  12.24258
 35.05420  23.22810  14.42213
 26.28092  21.98189   3.42931
 54.34570  26.97891  18.26869
 58.81570  60.60150  21.07878
221.70370 235.58450 215.49620
145.91570 156.69250 143.05520
 89.96170  95.32150  89.73520
 50.27070  55.22450  51.72610
 23.75737  26.32902  24.86442
 10.72165  14.19050  65.02820
 42.26170  90.21250  27.99414
 72.85070  15.03849  14.96559
183.57770 168.92250  23.60420
 91.15870  32.88920  79.65420
 21.82308  57.63850  83.98320
138.67570  54.21040  18.41832
 23.99432  31.96991  91.16820
107.95570  30.78485  37.23530
 19.40929  16.56866  38.60250
 96.47370 141.93450  25.46420
156.64170 108.66950  23.00988
 36.18840  21.54390  16.27954
122.40470  82.54450  62.08520
 39.03660  54.04440  82.09620
 30.20460  51.63740  18.86940
 59.22370  62.44250 105.50520
 68.21270 138.79850 102.84920
247.67670 244.72150 245.93120
 61.20470  93.85750 211.42120
 37.44150  57.45450 135.11720
 20.79493  32.74300  77.60120
  9.87726  15.48632  36.82319
  5.02885  11.56582 107.69220
 19.13894  52.71940  38.72650
 26.83300   9.29615  23.08346
 85.57370  94.89450  37.69232
 37.81850  24.75841 134.01920
 11.92072  51.29440 153.88620
 59.19170  31.26780  29.56708
 12.30126  26.19138 163.09120
 40.76960  20.95340  63.83120
  9.75707  11.63074  64.06120
 48.40370  86.66350  42.52290
 72.28070  57.30950  37.02820
 15.85683  14.13585  27.82471
 53.43270  56.65050 107.00520
 18.77350  41.20430 144.68220
 14.49701  29.60930  32.08990
 28.02170  47.46220 185.09820
 35.77630  98.92550 180.14120
247.67670 244.72150 245.93120
132.29570 142.17450 179.42520
 81.06670  86.44950 112.52820
 45.13670  49.77830  64.95420
 21.35526  23.74833  31.06698
 10.08538  15.89639  87.39020
 40.72760  80.48750  35.20270
 64.52570  13.79253  18.55243
164.70770 131.43650  29.34875
 80.92570  32.28735  94.14120
 21.00097  64.23950 112.24020
117.83570  44.71790  22.73066
 22.41325  33.29666 115.31220
 86.01770  28.24448  46.02110
 19.52610  15.54556  44.22200
 90.99370 117.06650  32.29810
140.38370  80.98450  28.11839
 31.41929  19.19214  20.16912
105.60670  74.86850  77.06220
 34.91620  52.66240 102.88920
 27.95660  40.47610  23.56899
 54.14570  61.03850 131.73420
 65.82070 128.65950 132.21520
247.67670 244.72150 245.93120
 42.62370  73.49250 212.55420
 25.80688  44.32190 134.60620
 14.61301  25.58736  78.60220
  6.99518  12.37801  38.15340
  3.49247   9.15074 104.82620
 14.00370  41.18330  42.11890
 17.01594   7.08476  22.38167
 51.95770  63.61850  32.37310
 22.81967  17.47466 117.62920
  7.74836  35.09445 129.42820
 35.69030  21.41628  27.06779
  8.08648  18.32019 140.07620
 24.50117  14.72407  56.34310
  6.12736   8.38041  57.25710
 29.22991  57.78150  36.03291
 43.74370  38.43140  33.43882
  9.76200   9.64605  24.21293
 32.12650  38.14030  91.62920
 11.78795  28.03783 123.56120
  9.13059  20.15166  28.28873
 17.37758  32.41460 158.51520
 22.44343  67.35850 153.32320
247.67670 244.72150 245.93120
108.68970 131.23450 209.27120
 66.32570  79.61750 132.12920
 36.77940  45.72400  76.24220
 17.41048  21.75229  36.47610
  8.44717  14.96338 102.43720
 33.13181  73.54050  39.57870
 50.68970  12.50541  21.60390
135.30070 119.71750  33.02760
 64.57170  29.83084 112.75120
 17.56870  60.17050 129.47020
 95.47070  40.19104  26.05548
 18.50329  30.96721 136.09820
 68.81370  25.85373  54.26110
 15.78688  14.31445  53.94110
 74.94770 107.27450  36.67010
114.75470  73.20050  32.33510
 25.38286  17.53727  23.65853
 85.81070  68.95350  90.29420
 28.69444  48.92630 121.02720
 22.79754  36.99976  27.52200
 44.22070  56.65050 155.20420
 54.47870 119.17350 152.58020
247.67670 244.72150 245.93120
 37.82650  70.05350 229.91420
 22.85388  42.10950 145.47120
 12.85564  24.07180  84.07320
  6.02559  11.49321  40.11070
  3.09756   8.80979 113.63420
 12.04053  38.15030  41.20380
 13.98437   6.52643  23.40885
 45.75870  60.44350  34.03820
 19.29246  16.37867 127.97120
  7.03938  33.49690 139.18120
 30.91500  19.91489  27.86378
  7.22233  17.37813 151.95220
 20.73433  13.69124  59.98520
  5.06475   7.73766  62.25820
 26.06750  55.01150  37.90640
 38.33650  36.26330  34.57540
  8.40906   9.03094  25.89994
 28.02170  36.26630  98.77020
 10.57359  26.68163 133.91220
  7.93170  18.93918  29.81440
 15.46530  30.91210 172.12820
 20.25290  64.17350 164.17120
247.67670 244.72150 245.93120
 78.45270 101.86950 180.73820
 47.67270  61.64850 114.04920
 26.61960  35.75798  66.26520
 12.86115  17.40790  32.54022
  6.89324  13.01528  90.12820
 24.16601  56.53350  34.67349
 34.50610  10.50570  20.13864
 97.19470  92.68050  29.31769
 44.42470  23.72313  97.74020
 13.53065  46.88410 111.00020
 67.68070  31.54526  24.10841
 13.89611  24.50078 117.61120
 47.69170  20.36194  47.54510
 11.51844  11.81234  47.82510
 54.36370  82.97450  32.60430
 81.91570  57.22950  29.32570
 18.58388  14.45395  22.37157
 58.43670  51.03740  74.22620
 19.90848  36.17722 100.06620
 15.67603  27.19377  22.31400
 30.07450  41.87450 128.46020
 37.89850  88.28150 124.80620
 64.82670  81.70250 153.51920
 33.36290  44.93100  97.68220
 18.49000  25.55215  55.76710
  8.97030  12.33942  26.97651
  2.03028   3.87780   8.42708
 17.54608  41.20230  30.27700
 23.02379   7.13093  15.95540
 66.88270  64.93850  23.61124
 29.76130  16.76783  80.42020
  9.08241  33.29065  92.12220
 46.13670  21.80084  19.14816
  9.56438  17.43457  97.64820
 32.11050  14.45290  39.08560
  7.82331   8.13297  38.69550
 36.86440  57.89550  26.01840
 56.44470  39.57090  23.74615
 12.45091   9.62146  16.99110
 41.29960  37.66910  64.42020
 14.39466  27.01305  86.34320
 11.47366  20.12524  19.92619
 21.56301  31.31080 111.13120
 27.58613  66.20250 110.15020
 27.48000  65.96850 109.66520
246.54970 221.11750  23.27589
166.55970 146.41550  14.91068
102.26870  88.70750   9.18724
 56.99470  50.84240   5.26523
 26.50337  23.86526   2.27450
 11.79136  14.83495   4.96941
 48.99570  81.83050   4.41570
 85.74170  13.76407   1.81986
209.19470 141.73950   5.59735
105.36470  31.80468   6.02465
 25.31970  63.39050  10.27680
151.18170  47.54020   3.03965
 26.98222  32.11610   6.96815
112.23370  28.38095   4.03240
 24.46610  15.19801   2.08830
115.49170 124.60850   5.23514
179.28970  87.91150   4.02167
 40.53460  19.76030   1.64432
135.42070  77.16850   7.51433
 43.70570  52.55840   7.71904
 35.06120  42.31360   2.07456
 68.45970  61.25050   9.58289
 81.60870 131.51950  13.21825
166.84070  10.00930   8.40848
107.69270   6.58650   5.51976
 65.27270   4.03955   3.33551
 35.22820   2.39651   1.65845
 15.83700   1.27425   0.51325
  7.54213   0.90723   2.07456
 20.34500   3.53799   0.59066
 82.52470   1.10680   0.81328
137.06170   6.64767   1.66021
 93.38470   1.90981   3.01688
 14.35728   3.04590   3.11086
107.34470   2.64037   1.17707
 16.55590   1.69844   3.07041
 95.30670   1.83911   1.77795
 18.43486   0.98374   0.95939
 65.43970   5.81106   1.10058
120.49170   4.54770   1.50786
 28.61238   1.24811   0.31902
 98.67170   4.07600   2.80765
 27.92460   2.74716   2.97298
 20.55236   2.17252   0.40115
 47.83670   3.20332   3.97564
 41.52660   6.29121   3.85846
 27.02831  71.22950 245.93120
 17.26129  45.82110 191.72120
 10.51775  27.49095 119.57320
  5.72068  15.69928  68.39920
  2.07507   7.43959  32.10090
  1.18879   6.80312  95.20220
  3.99297  24.37793  33.98211
 12.06309   4.23928  18.60663
 20.23469  33.77923  28.68753
 14.64487  11.46503  99.61320
  3.05420  25.14381 119.79520
 14.75957  10.86580  22.01918
  3.44676  12.65934 123.91720
 12.63220   8.97548  47.50510
  3.42654   5.21770  46.06510
 10.46770  32.87120  32.28010
 18.10481  19.08606  27.44580
  3.83532   5.75084  20.68361
 14.06062  23.63946  80.28120
  4.81318  18.78918 108.94420
  3.09944  11.38904  24.14865
  8.61978  21.63700 140.25820
  8.41432  43.59680 138.86920
 45.78470 238.22050 245.93120
 29.79935 157.83250 174.81420
 18.05874  95.69850 108.57820
 10.14109  54.82140  61.94520
  4.49098  25.75223  28.99915
  2.09136  18.21278  85.05620
 11.16183  88.72650  32.46820
  5.99350  14.26720  16.65661
 35.59930 140.28150  28.00416
 10.15438  35.40470  86.97420
  6.23293  76.08850 112.12820
 20.33791  44.99900  20.06142
  5.45361  37.54700 110.01320
 10.73580  30.20569  42.33890
  2.90797  16.62954  39.25760
 22.92329 128.37950  31.45636
 28.38011  83.29250  25.17495
  5.65360  20.47054  18.75594
 18.87742  82.58050  73.24420
  8.17199  60.06450  98.24720
  6.51285  44.45290  22.01716
 11.48170  68.74350 125.82120
 18.73276 145.10850 129.82220
  9.32730 179.99450 168.32120
  5.97669 117.48950 108.93520
  3.22672  70.91250  66.62120
  1.18445  40.39610  37.57130
    0      18.94632  17.54017
    0      14.42356  51.39010
  1.32485  66.18650  20.94307
  0.60086  10.36244   9.92884
  6.47301  96.14750  18.06356
  1.85167  26.81225  49.38810
  0.76531  61.52450  71.26020
  2.73501  29.55519  11.95666
  0.26095  29.08996  64.82120
  1.35495  22.19921  24.78504
    0      12.30404  21.10812
  3.81752  91.76150  20.26757
  4.80488  53.90140  15.04789
    0      14.59123  11.12599
  2.68467  60.90950  43.83900
  0.80791  46.36810  58.35110
  0.01660  31.67643  13.22042
  1.85994  52.26740  74.58520
  3.46505 110.26150  81.26120
 13.14247 117.25750   6.30636
  8.60935  76.35450   3.96948
  5.05006  45.83610   2.34398
  2.33065  26.08686   1.15165
  0.28642  12.28367   0.19976
    0       7.49236   1.24237
  2.92893  43.80680   0.84112
  0.78324   6.76133     0    
 10.78057  73.95750   0.90407
  2.09746  15.91918   1.45613
  0.77203  34.09055   2.85199
  5.54215  22.89611   0.14948
  0.35127  16.59755   2.02810
  2.30478  14.29345   0.61137
    0       7.80866   0.28253
  7.24207  66.77650   1.09693
  8.48128  44.03884   0.44300
  0.63247   9.99265   0.00201
  5.30063  40.06300   1.88436
  1.53595  27.93546   2.24050
  1.12131  23.00105   0.18042
  2.75435  31.92783   2.93872
  5.65672  70.95850   3.97872
247.67670 244.72150 245.93120
176.30570 163.41750 188.04720
109.06270  99.90150 118.52320
 61.45970  58.06350  69.10220
 29.42810  28.03582  33.51090
 13.41432  18.15340  91.51420
 56.50270  94.24550  39.64870
 90.37570  16.38692  20.18639
218.75070 152.99150  31.86370
111.98370  37.96520  99.42820
 28.29900  73.11550 118.09820
159.47870  53.43540  24.97699
 30.52080  38.40740 120.84820
118.62370  33.49090  49.61110
 27.20958  18.44494  47.05310
121.61670 135.58450  34.69750
188.71170  95.94650  30.90780
 43.32470  22.59018  21.65750
142.81570  86.78950  81.76420
 47.49370  60.68650 108.27120
 38.42550  47.43420  25.41299
 73.87270  70.55850 138.50420
 88.75970 148.18450 140.11220
247.67670 244.72150 245.93120
111.84470 112.79950 181.53620
 68.00370  67.95350 113.13920
 37.18450  38.27140  63.56320
 16.64699  17.26608  28.53122
  8.24784  11.40642  86.70820
 32.74370  57.01750  23.93130
 32.85580   9.24548  15.86030
137.81070 111.11350  25.66701
 48.63670  23.06460  98.10220
 18.50738  45.73100 108.56920
 90.86670  35.78100  18.11489
 17.36831  23.48625 117.48120
 56.60870  20.45228  43.75900
 12.03940  10.73431  46.12310
 81.35570  95.51650  28.78973
113.55570  69.40550  23.78538
 24.35466  15.00514  19.26849
 82.36070  58.69650  76.27320
 29.60220  39.49280 104.75020
 22.23202  31.20168  21.23968
 42.36670  46.43110 134.87220
 58.92270  97.49450 125.68520
228.88770 151.69950 190.91120
152.60870 100.34950 127.56720
 93.85670  60.55850  79.73920
 52.58170  34.76219  45.64000
 24.40687  16.35287  21.56950
 11.04425   9.38045  60.49120
 49.25470  53.30940  20.57106
 50.75670   9.37483  12.77647
192.26370 107.01450  19.27052
 72.76770  21.29380  73.25620
 25.20337  37.11480  74.56420
132.69870  37.18483  15.56310
 24.96369  20.63490  84.91720
 85.16170  19.62801  33.08860
 18.31841  10.47160  35.88090
114.33270  90.12750  20.90659
163.22370  70.76350  19.68820
 35.47330  14.36065  14.48701
118.71170  53.86340  55.28510
 41.62460  34.05250  74.97720
 32.96180  29.77974  16.43552
 60.45570  41.09430  97.46220
 83.11270  87.78550  89.33220
