82.2   67.2   1853.4  
82.2   67.2   3224.9  
82.2   67.2   4578.2  
82.2   67.2   5892.8  
82.2   67.2   7163.4  
82.2   67.2   8412.8  
82.2   67.2   9682.2  
82.2   67.2   10997.2 
82.2   67.2   12331.1 
82.2   67.2   13639.0 
82.2   67.2   14890.4 
82.2   67.2   16070.3 
82.2   67.2   17181.2 
82.2   67.2   18248.0 
82.2   67.2   19293.9 
82.2   67.2   20263.4 
82.2   67.2   21015.5 
82.2   67.2   21426.4 
82.2   67.2   21426.4 
82.2   67.2   21017.8 
82.2   67.2   20196.2 
82.2   67.2   19046.5 
82.2   67.2   17640.6 
82.2   105.6  16043.0 
82.2   242.2  14283.6 
82.2   524.6  12313.8 
82.2   987.2  9962.0  
82.2   1646.6 7097.2  
82.2   2494.6 4021.1  
82.2   3497.1 1472.4  
82.2   4601.3 117.6   
82.2   5743.1 21.2    
82.2   6853.4 21.2    
82.2   7863.0 21.2    
82.2   8704.9 21.2    
82.2   9317.7 21.2    
82.2   9646.8 21.2    
82.2   9646.8 21.2    
82.2   9534.9 21.2    
82.2   9285.7 21.2    
82.2   8885.2 21.2    
82.2   8332.4 21.2    
131.2  7639.0 21.2    
447.1  6816.9 21.2    
1069.6 5883.6 21.2    
1945.5 4871.5 21.2    
2974.9 3826.6 21.2    
4039.8 2805.5 21.2    
5024.7 1871.5 21.2    
5834.7 1087.7 21.2    
6404.4 505.3  21.2    
6696.6 147.7  21.2    
6696.6 0.0    21.2    
6500.8 0.0    21.2    
6127.0 0.0    21.2    
5609.9 0.0    21.2    
5003.1 0.0    21.2    
4379.1 0.0    18.5    
3822.0 0.0    0.0     
3375.4 0.0    0.0     
3027.9 0.0    0.0     
2751.4 0.0    0.0     
2520.4 0.0    0.0     
2313.4 0.0    0.0     
2111.7 0.0    0.0     
1902.2 0.0    0.0     
1681.5 0.0    0.0     
1454.9 0.0    0.0     
1233.8 0.0    0.0     
1030.6 0.0    0.0     
854.4  0.0    0.0     
707.5  0.0    0.0     
584.3  0.0    0.0     
474.9  0.0    0.0     
369.8  0.0    0.0     
263.5  0.0    0.0     
157.5  0.0    0.0     
62.7   0.0    0.0     
0.0    0.0    0.0     
0.0    0.0    0.0     
0.0    0.0    0.0     
0.0    0.0    0.0     
0.0    0.0    0.0     
0.0    0.0    0.0     
0.0    0.0    0.0     
0.0    0.0    0.0     
0.0    0.0    0.0     
0.0    0.0    0.0     
0.0    0.0    0.0     
0.0    0.0    0.0     
0.0    0.0    0.0     
0.0    0.0    0.0     
0.0    0.0    0.0     
0.0    0.0    0.0     
0.0    0.0    0.0     
0.0    0.0    0.0     
0.0    0.0    0.0     
0.0    0.0    0.0     
0.0    0.0    0.0     
0.0    0.0    0.0     
0.0    0.0    0.0     
